1.687562121212121156e+02
2.176966666666666583e+02
2.157428787878787944e+02
1.935256060606060657e+02
1.815303030303030312e+02
1.837330303030302900e+02
1.775643939393939377e+02
1.579968181818181847e+02
1.483580303030302900e+02
1.503145454545454527e+02
1.468918181818181949e+02
1.418180303030302980e+02
1.445378787878787818e+02
1.457313636363636249e+02
1.389506060606060487e+02
1.377618181818181711e+02
1.408604545454545587e+02
1.414096969696969666e+02
1.466100000000000136e+02
1.498186363636363581e+02
1.468569696969696849e+02
1.462198484848484838e+02
1.471030303030302946e+02
1.458690909090909145e+02
1.460022727272727252e+02
1.453183333333333280e+02
1.427286363636363546e+02
1.412899999999999920e+02
1.381762121212121315e+02
1.324671212121212136e+02
1.311787878787878867e+02
1.375536363636363717e+02
1.417742424242424306e+02
1.402663636363636499e+02
1.361021212121212045e+02
1.354216666666666526e+02
1.406733333333333462e+02
1.430149999999999864e+02
1.430918181818181836e+02
1.433162121212121178e+02
1.441822727272727320e+02
1.451313636363636306e+02
1.406746969696969813e+02
1.399965151515151547e+02
1.381103030303030437e+02
1.359481818181818085e+02
1.324616666666666731e+02
1.348178787878787830e+02
1.395181818181818301e+02
1.382493939393939399e+02
1.368581818181818051e+02
1.373036363636363717e+02
1.341372727272727161e+02
1.327324242424242300e+02
1.330151515151515014e+02
1.327783333333333360e+02
1.334384848484848476e+02
1.351960606060605983e+02
1.345484848484848612e+02
1.325781818181818323e+02
1.308678787878787944e+02
1.309198484848484725e+02
1.312534848484848453e+02
1.314578787878787978e+02
1.354696969696969688e+02
1.365962121212121190e+02
1.324413636363636328e+02
1.322104545454545530e+02
1.325771212121211988e+02
1.287163636363636385e+02
1.333187878787878731e+02
1.396716666666666526e+02
1.364228787878788012e+02
1.323962121212121303e+02
1.346342424242424158e+02
1.335703030303030232e+02
1.307101515151515230e+02
1.341598484848484816e+02
1.334327272727272771e+02
1.291901515151515127e+02
1.280983333333333292e+02
1.299862121212121338e+02
1.337324242424242300e+02
1.356478787878787955e+02
1.393651515151515241e+02
1.417440909090909145e+02
1.330416666666666572e+02
1.325827272727272828e+02
1.350365151515151467e+02
1.305337878787878765e+02
1.367493939393939399e+02
1.399810606060605949e+02
1.351798484848484918e+02
1.297934848484848374e+02
1.314939393939393995e+02
1.315253030303030357e+02
1.311378787878787762e+02
1.333077272727272771e+02
1.323045454545454618e+02
1.306942424242424181e+02
1.359015151515151558e+02
1.362445454545454595e+02
1.313130303030303025e+02
1.284012121212121258e+02
1.301312121212121156e+02
1.285175757575757700e+02
1.310171212121212250e+02
1.336698484848484725e+02
1.373443939393939388e+02
1.375243939393939456e+02
1.326646969696969620e+02
1.341387878787878662e+02
1.351092424242424102e+02
1.354875757575757689e+02
1.339815151515151399e+02
1.300112121212121110e+02
1.298733333333333348e+02
1.284786363636363546e+02
1.280990909090909042e+02
1.335448484848484725e+02
1.379859090909091037e+02
1.346103030303030437e+02
1.291825757575757621e+02
1.291186363636363694e+02
1.342368181818181938e+02
1.438793939393939354e+02
1.405433333333333223e+02
1.292933333333333223e+02
1.353422727272727286e+02
1.373118181818181824e+02
1.341122727272727388e+02
1.325571212121212170e+02
1.337174242424242436e+02
1.325601515151515173e+02
1.296086363636363501e+02
1.297610606060605960e+02
1.298053030303030368e+02
1.305406060606060521e+02
1.330151515151515014e+02
1.324804545454545348e+02
1.326312121212121156e+02
1.340792424242424374e+02
1.363306060606060726e+02
1.380156060606060464e+02
1.353901515151515014e+02
1.324056060606060612e+02
1.332243939393939343e+02
1.306496969696969757e+02
1.350309090909090912e+02
1.365777272727272589e+02
1.315509090909091015e+02
1.299224242424242561e+02
1.329792424242424147e+02
1.370913636363636385e+02
1.360742424242424136e+02
1.328910606060606199e+02
1.321875757575757575e+02
1.330643939393939377e+02
1.332684848484848601e+02
1.333890909090908963e+02
1.323077272727272771e+02
1.318942424242424352e+02
1.405436363636363524e+02
1.397689393939394051e+02
1.305263636363636408e+02
1.294866666666666788e+02
1.300122727272727161e+02
1.334559090909091026e+02
1.370871212121212182e+02
1.380910606060606085e+02
1.415859090909090980e+02
1.461404545454545314e+02
1.480968181818181790e+02
1.452925757575757473e+02
1.451754545454545564e+02
1.514904545454545541e+02
1.573133333333333326e+02
1.540168181818181949e+02
1.477816666666666663e+02
1.461409090909091049e+02
1.469501515151515036e+02
1.456680303030302923e+02
1.402001515151515036e+02
1.388765151515151501e+02
1.431333333333333258e+02
1.468719696969696997e+02
1.493362121212121281e+02
1.501037878787878697e+02
1.496349999999999909e+02
1.499695454545454538e+02
1.515987878787878742e+02
1.504118181818181768e+02
1.472893939393939320e+02
1.449596969696969779e+02
1.428572727272727150e+02
1.400440909090908974e+02
1.396946969696969632e+02
1.502824242424242414e+02
1.616431818181818301e+02
1.586940909090909031e+02
1.427015151515151388e+02
1.338046969696969768e+02
1.371134848484848590e+02
1.455537878787878867e+02
1.537331818181818051e+02
1.564212121212121076e+02
1.585892424242424283e+02
1.605596969696969722e+02
1.595256060606060657e+02
1.570696969696969632e+02
1.550293939393939411e+02
1.491389393939393813e+02
1.411454545454545553e+02
1.399392424242424227e+02
1.428439393939393938e+02
1.396443939393939502e+02
1.328754545454545450e+02
1.383540909090908997e+02
1.459775757575757495e+02
1.454042424242424261e+02
1.547440909090909145e+02
1.692145454545454584e+02
1.735012121212121201e+02
1.686515151515151558e+02
1.606922727272727229e+02
1.518981818181818255e+02
1.409637878787878833e+02
1.345722727272727184e+02
1.304575757575757677e+02
1.282003030303030187e+02
1.255843939393939337e+02
1.353869696969696861e+02
1.489542424242424374e+02
1.504040909090909111e+02
1.458245454545454436e+02
1.479236363636363762e+02
1.523487878787878742e+02
1.495196969696969802e+02
1.418445454545454538e+02
1.389943939393939445e+02
1.378418181818181836e+02
1.341871212121212125e+02
1.303846969696969609e+02
1.304051515151515162e+02
1.313812121212121156e+02
1.334165151515151422e+02
1.321301515151515105e+02
1.306853030303030323e+02
1.328825757575757507e+02
1.386765151515151615e+02
1.429366666666666674e+02
1.424665151515151535e+02
1.383554545454545348e+02
1.357687878787878901e+02
1.363471212121212091e+02
1.337222727272727241e+02
1.341574242424242414e+02
1.359219696969697111e+02
1.323478787878787841e+02
1.357221212121212091e+02
1.378130303030303025e+02
1.455945454545454538e+02
1.593789393939393904e+02
1.591471212121212204e+02
1.440469696969697111e+02
1.341136363636363740e+02
1.358868181818181711e+02
1.400818181818181927e+02
1.386066666666666549e+02
1.348075757575757621e+02
1.326334848484848408e+02
1.330277272727272759e+02
1.348274242424242289e+02
1.365190909090909201e+02
1.378028787878787966e+02
1.387612121212121110e+02
1.409972727272727298e+02
1.369571212121212227e+02
1.335301515151515162e+02
1.369016666666666708e+02
1.382777272727272759e+02
1.356719696969697111e+02
1.331809090909090969e+02
1.358146969696969677e+02
1.378606060606060737e+02
1.376410606060606199e+02
1.354854545454545587e+02
1.314195454545454425e+02
1.309628787878787932e+02
1.344316666666666720e+02
1.394446969696969632e+02
1.394530303030302889e+02
1.458128787878787875e+02
1.629519696969696838e+02
1.742206060606060589e+02
1.726534848484848510e+02
1.802751515151515207e+02
2.027400000000000091e+02
2.073798484848484804e+02
1.673230303030302935e+02
